[ERROR] {174, 244, 193, 60, 60, 55, 65, 67, 63, 69, 86, 105, 129, 0, 0, 0}
[ERROR] {84, 174, 336, 321, 307, 285, 253, 236, 192, 140, 102, 83, 80, 0, 0, 0}

[ERROR] {174, 245, 335, 344, 328, 338, 299, 275, 246, 0, 0, 0, 0, 0, 0, 0}
[ERROR] {84, 172, 171, 147, 87, 41, 47, 50, 74, 0, 0, 0, 0, 0, 0, 0}

[ERROR] {339, 330, 345, 403, 444, 442, 453, 453, 418, 365, 0, 0, 0, 0, 0, 0}
[ERROR] {41, 82, 144, 145, 151, 107, 75, 46, 34, 37, 0, 0, 0, 0, 0, 0}

[ERROR] {456, 455, 443, 443, 477, 480, 509, 550, 561, 553, 555, 629, 0, 0, 0, 0}
[ERROR] {44, 72, 103, 143, 158, 192, 206, 202, 179, 134, 125, 107, 0, 0, 0, 0}

[ERROR] {633, 560, 552, 561, 550, 513, 515, 696}
[ERROR] {106, 126, 133, 175, 200, 208, 238, 242}

[ERROR] {344, 407, 407, 345, 329, 300, 221, 245, 331, 0, 0, 0, 0, 0, 0, 0}
[ERROR] {147, 146, 285, 288, 296, 263, 261, 172, 177, 0, 0, 0, 0, 0, 0, 0}

[ERROR] {405, 474, 481, 507, 530, 475, 456, 437, 406, 0, 0, 0, 0, 0, 0, 0}
[ERROR] {148, 159, 193, 208, 334, 335, 300, 288, 284, 0, 0, 0, 0, 0, 0, 0}

[ERROR] {516, 698, 711, 708, 648, 604, 530, 0}
[ERROR] {241, 243, 265, 307, 330, 338, 335, 0}

[ERROR] {58, 191, 178, 188, 68, 0, 0, 0}
[ERROR] {323, 334, 379, 420, 447, 0, 0, 0}

[ERROR] {218, 301, 327, 309, 303, 304, 314, 314, 228, 189, 181, 0, 0, 0, 0, 0}
[ERROR] {260, 264, 299, 319, 387, 392, 414, 430, 433, 421, 387, 0, 0, 0, 0, 0}

[ERROR] {477, 606, 653, 656, 644, 657, 639, 623, 576, 479, 0, 0, 0, 0, 0, 0}
[ERROR] {338, 340, 328, 353, 377, 439, 458, 453, 448, 414, 0, 0, 0, 0, 0, 0}

[ERROR] {654, 705, 706, 660, 592, 576, 631, 654}
[ERROR] {330, 312, 512, 515, 532, 448, 454, 445}

[ERROR] {65, 186, 224, 209, 177, 167, 124, 105, 112, 0, 0, 0, 0, 0, 0, 0}
[ERROR] {449, 426, 433, 559, 560, 606, 604, 577, 520, 0, 0, 0, 0, 0, 0, 0}

[ERROR] {224, 315, 320, 353, 437, 448, 412, 395, 208, 0, 0, 0, 0, 0, 0, 0}
[ERROR] {434, 435, 459, 474, 473, 551, 565, 556, 561, 0, 0, 0, 0, 0, 0, 0}

[ERROR] {476, 578, 592, 539, 457, 449, 441, 469}
[ERROR] {413, 449, 533, 559, 549, 551, 472, 462}

[ERROR] {122, 166, 176, 340, 331, 261, 201, 157}
[ERROR] {607, 607, 565, 560, 682, 691, 663, 647}

[ERROR] {340, 396, 414, 455, 503, 499, 477, 447, 416, 390, 351, 334, 0, 0, 0, 0}
[ERROR] {559, 556, 567, 548, 558, 687, 680, 680, 688, 690, 690, 683, 0, 0, 0, 0}

[ERROR] {502, 539, 594, 658, 710, 715, 698, 700, 676, 631, 609, 548, 503, 0, 0, 0}
[ERROR] {555, 556, 532, 511, 514, 534, 574, 624, 656, 667, 662, 681, 685, 0, 0, 0}
